"","TEseed","output_var","input_var","sobol_type","boot_num"
"1",0.139394816731975,"calcite_flush_0","tau","TEseed",13041
