"","TEseed","output_var","input_var","sobol_type","boot_num"
"1",0.35667382455749,"calcite_flush_8_nondim","Pe","TEseed",6711
